1 11494 1
1 1282 1
1 1012 1
2 5558 1
2 2082 1
2 1680 1
4 3089 2
4 2844 2
4 2356 2
8 4468 4
8 6691 4
8 3824 4
16 9440 9
16 8111 9
16 7687 9
32 22058 7
32 21574 7
32 18187 7
64 35624 16
64 46688 13
64 38323 17
128 81685 29
128 58528 28
128 46782 30
256 82671 41
256 87715 33
256 60847 37
512 173614 70
512 160582 73
512 139696 72
1024 285957 103
1024 281980 102
1024 322752 103
2048 794270 112
2048 804885 108
2048 677361 113
4096 1234331 203
4096 1048135 202
4096 1010539 198
8192 2646272 361
8192 2619863 358
8192 2692781 361
16384 6909228 475
16384 5573028 474
16384 5672817 473
32768 43271240 928
32768 45072992 931
32768 41485935 938
65536 182685079 1609
65536 185830429 1606
65536 179079661 1610
