1 44184 0
1 1448 0
1 4897 0
2 4627 1
2 1730 1
2 1559 1
4 3087 2
4 2650 2
4 2541 2
8 4942 4
8 5099 4
8 4984 4
16 24600 7
16 19496 7
16 27965 7
32 33238 9
32 21482 9
32 22253 9
64 44906 9
64 49431 9
64 56167 9
128 98974 15
128 80664 15
128 63986 15
256 87425 15
256 61887 15
256 56597 15
512 119671 19
512 119318 19
512 93570 19
1024 212196 23
1024 200828 23
1024 209716 23
2048 386961 24
2048 369491 24
2048 360587 24
4096 770399 30
4096 727293 30
4096 720837 30
8192 1649600 28
8192 1575052 28
8192 1539192 28
16384 3381544 34
16384 2277918 34
16384 2369338 34
32768 5627369 35
32768 5822827 35
32768 4898657 35
65536 11866323 37
65536 11602762 37
65536 12148416 37
