1 9614
1 1725
1 1642
2 2605
2 2551
2 2516
4 4126
4 4147
4 4212
8 12314
8 17427
8 7769
16 11990
16 11421
16 11556
32 40897
32 25468
32 22710
64 51997
64 53771
64 149230
128 136162
128 81360
128 70577
256 46294
256 41628
256 37479
512 70354
512 73045
512 71769
1024 147474
1024 150219
1024 155504
2048 288387
2048 322239
2048 274231
4096 544969
4096 305364
4096 303971
8192 606147
8192 599062
8192 589695
16384 1199590
16384 1714221
16384 1677337
32768 3420996
32768 1674578
32768 1304873
65536 2628597
65536 2651932
65536 2610252
